1
2
4
8
16
32
64
128
256
512
1024
2048
4096
8192
16384
32768
65536
131072
262144
524288
1.04858e+06
2.09715e+06
4.1943e+06
8.38861e+06
1.67772e+07
3.35544e+07
6.71089e+07
1.34218e+08
2.68435e+08
5.36871e+08
1.07374e+09
2.14748e+09
4.29497e+09
8.58993e+09
1.71799e+10
3.43597e+10
6.87195e+10
1.37439e+11
2.74878e+11
5.49756e+11
1.09951e+12
2.19902e+12
4.39805e+12
8.79609e+12
1.75922e+13
3.51844e+13
7.03687e+13
1.40737e+14
2.81475e+14
5.6295e+14
1.1259e+15
2.2518e+15
4.5036e+15
9.0072e+15
1.80144e+16
3.60288e+16
7.20576e+16
1.44115e+17
2.8823e+17
5.76461e+17
1.15292e+18
2.30584e+18
4.61169e+18
9.22337e+18
1.84467e+19
3.68935e+19
7.3787e+19
1.47574e+20
2.95148e+20
5.90296e+20
1.18059e+21
2.36118e+21
4.72237e+21
9.44473e+21
1.88895e+22
3.77789e+22
7.55579e+22
1.51116e+23
3.02231e+23
6.04463e+23
1.20893e+24
2.41785e+24
4.8357e+24
9.67141e+24
1.93428e+25
3.86856e+25
7.73713e+25
1.54743e+26
3.09485e+26
6.1897e+26
1.23794e+27
2.47588e+27
4.95176e+27
9.90352e+27
1.9807e+28
3.96141e+28
7.92282e+28
1.58456e+29
3.16913e+29
6.33825e+29
1.26765e+30
2.5353e+30
5.0706e+30
1.01412e+31
2.02824e+31
4.05648e+31
8.11296e+31
1.62259e+32
3.24519e+32
6.49037e+32
1.29807e+33
2.59615e+33
5.1923e+33
1.03846e+34
2.07692e+34
4.15384e+34
8.30767e+34
1.66153e+35
3.32307e+35
6.64614e+35
1.32923e+36
2.65846e+36
5.31691e+36
1.06338e+37
2.12676e+37
4.25353e+37
8.50706e+37
1.70141e+38
3.40282e+38
6.80565e+38
1.36113e+39
2.72226e+39
5.44452e+39
1.0889e+40
2.17781e+40
4.35561e+40
8.71123e+40
1.74225e+41
3.48449e+41
6.96898e+41
1.3938e+42
2.78759e+42
5.57519e+42
1.11504e+43
2.23007e+43
4.46015e+43
8.9203e+43
1.78406e+44
3.56812e+44
7.13624e+44
1.42725e+45
2.8545e+45
5.70899e+45
1.1418e+46
2.2836e+46
4.56719e+46
9.13439e+46
1.82688e+47
3.65375e+47
7.30751e+47
1.4615e+48
2.923e+48
5.84601e+48
1.1692e+49
2.3384e+49
4.67681e+49
9.35361e+49
1.87072e+50
3.74144e+50
7.48289e+50
1.49658e+51
2.99316e+51
5.98631e+51
1.19726e+52
2.39452e+52
4.78905e+52
9.5781e+52
1.91562e+53
3.83124e+53
7.66248e+53
1.5325e+54
3.06499e+54
6.12998e+54
1.226e+55
2.45199e+55
4.90399e+55
9.80797e+55
1.96159e+56
3.92319e+56
7.84638e+56
1.56928e+57
3.13855e+57
6.2771e+57
1.25542e+58
2.51084e+58
5.02168e+58
1.00434e+59
2.00867e+59
4.01735e+59
8.03469e+59
1.60694e+60
3.21388e+60
6.42775e+60
1.28555e+61
2.5711e+61
5.1422e+61
1.02844e+62
2.05688e+62
4.11376e+62
8.22752e+62
1.6455e+63
3.29101e+63
6.58202e+63
1.3164e+64
2.63281e+64
5.26561e+64
1.05312e+65
2.10625e+65
4.21249e+65
8.42498e+65
1.685e+66
3.36999e+66
6.73999e+66
1.348e+67
2.69599e+67
5.39199e+67
1.0784e+68
2.1568e+68
4.31359e+68
8.62718e+68
1.72544e+69
3.45087e+69
6.90175e+69
1.38035e+70
2.7607e+70
5.5214e+70
1.10428e+71
2.20856e+71
4.41712e+71
8.83424e+71
1.76685e+72
3.53369e+72
7.06739e+72
1.41348e+73
2.82696e+73
5.65391e+73
1.13078e+74
2.26156e+74
4.52313e+74
9.04626e+74
1.80925e+75
3.6185e+75
7.23701e+75
1.4474e+76
2.8948e+76
5.7896e+76
1.15792e+77
2.31584e+77
4.63168e+77
9.26337e+77
1.85267e+78
3.70535e+78
7.41069e+78
1.48214e+79
2.96428e+79
5.92855e+79
1.18571e+80
2.37142e+80
4.74284e+80
9.48569e+80
1.89714e+81
3.79428e+81
7.58855e+81
1.51771e+82
3.03542e+82
6.07084e+82
1.21417e+83
2.42834e+83
4.85667e+83
9.71334e+83
1.94267e+84
3.88534e+84
7.77068e+84
1.55414e+85
3.10827e+85
6.21654e+85
1.24331e+86
2.48662e+86
4.97323e+86
9.94646e+86
1.98929e+87
3.97859e+87
7.95717e+87
1.59143e+88
3.18287e+88
6.36574e+88
1.27315e+89
2.54629e+89
5.09259e+89
1.01852e+90
2.03704e+90
4.07407e+90
8.14814e+90
1.62963e+91
3.25926e+91
6.51852e+91
1.3037e+92
2.60741e+92
5.21481e+92
1.04296e+93
2.08592e+93
4.17185e+93
8.3437e+93
1.66874e+94
3.33748e+94
6.67496e+94
1.33499e+95
2.66998e+95
5.33997e+95
1.06799e+96
2.13599e+96
4.27197e+96
8.54395e+96
1.70879e+97
3.41758e+97
6.83516e+97
1.36703e+98
2.73406e+98
5.46813e+98
1.09363e+99
2.18725e+99
4.3745e+99
8.749e+99
1.7498e+100
